Inserted,Hash,number,timestamp,match,txs
Block,0x19e98669300c6eccc0d83c06f0af491082728f116ff0d51b2c228310cac416bf,6375682,"2018-09-22 00:51:20 +0000 UTC
",,
,,,,false,0x06632ba849e7eef5dc5982cafbafadc89c3a13c797c881db7877dd758fe6af41
,,,,false,0x6d8a97709e0fc86e89094498d99277dbeb975dc6760d6b98eeb6d31af493944d
,,,,false,0x8803b2ebd61824e21c7b93e0ca421169cb4f3c81823c453458e9b7df78c56582
,,,,false,0x89ce56491aa5f0710b10a0753f35ca9735aefb40b2387f30b2de915eeb002899
,,,,false,0xf2796770d7ca0c56986a956e9262e49f4d416711ed85c08e3747f2e66118aab8
,,,,false,0xa2e7cea0a5fa10eba38b4a725674953f8bf0294671958b4d3bfbd87a20de8a49
,,,,false,0x9cf2b4d5eed8029c9029a4aa3b2c2c43484453f4bf030e93b15effb3a470a1a7
,,,,false,0x10acdec96d56055121e69179039acd03a05358fb32f40c2b8e56a3c17c9639e5
,,,,false,0x5882ab5c973182d6ceb985572325582e964b1208ac3884f758f6c89bde83f96c
,,,,false,0x3fc4f5dd913ff739b927f6486309330f4eda7d987e2c34dafef9def5c74aa95a
,,,,false,0xe2c5ce45b4350f6f1662bc0ed9139f9e87e9377c95e24d39b64168bf5d20bbf3
,,,,false,0x02a4f7807943bc041e6038a4fef88ce0eebea41b08c7ad6840f632fd148dccfa
,,,,false,0x0ccc6b4dbc5b73a27bb6db43dffb7d20685a4b0f49781b463e326837fd3d0183
,,,,false,0xdd9ef405d4d0265244c9e04dc0890c28abe4e071d5dbff61e5f98250f260a2d8
,,,,false,0xf7a0a304769df89e810f97b99f189ee8357c0449eb5fe7bafb2cb36ba75536fb
,,,,false,0xfdbd3e0694e7992af04c34de4141035721e8e29a6bc061044aa85896fd59038b
,,,,false,0x17b6d8510116207e9b11da96175c1abda4b7a0677f3834177d3d45a98d57e80b
,,,,false,0xdc949df89bdac26b4d17a7366cfe779f918bc7ff4370cac4b046461006dc9735
,,,,false,0x0629338eb0f4760c8b0f025dfe97e90d1265d09b3d4f1753f9f91c5b7f0a557f
,,,,false,0x9e1a98c7617ce3dc3ac99fd7687aa39a71f891b025cc1f9c86118e8367cdd70f
,,,,false,0xdf485c09d13eb77e9df87d264ebee15c44eb6b2f059466704fd2b9815e0ebc7b
,,,,false,0xfcc47d764da70e06f9fa97aed0b70c4bba3ff3baf5a1d0f2515534218c3c7223
,,,,false,0x7f9bab471fbd6995de266e42815533d7d95da1f97cee0d43a3e504d61a3bf3db
,,,,false,0xb15ffdae5b739ffde9436e08bdc210dbafcc9315ef4f12f2b5d5a12afe55ecf2
,,,,false,0x76423cec09e1ec746a959baf6a914caccb6b97eb31d4156d6d0a77b23f32f5b7
,,,,false,0x5ffe228c598bf79b0f1abecf13c0e0e9d153aa9fb38025d8ed2981849c81d728
,,,,false,0xe2518d28dd3b7a2f2e8ccd733461addabfeb377c95ffd75fdea3766c962ba758
,,,,false,0xfecad590fbe62c966fd64f0b13276393af12f0f74631470210887b68d17b4d29
,,,,false,0x5c661814120f43e19609cacb6c070bd2e726128f74dc9489f8683246af1b93e9
,,,,false,0xe28b77152eb96eeb7df6a94a0a2edf4efb7f95a8978ce1556c4bbf3dc545a723
,,,,false,0xf9c68b45ea8f0fbba7080012d39618e0c7c1610bb518d6ec4c5fd2ebeea63768
,,,,false,0xcd384a61c13c4c9b3d6e715c8c27737cd4dfb65edfbb46f05cef8c30e621288c
,,,,false,0x0e6a0828fc31e9b0d877f09766c1d37100776cf2d9135fe38f0aa03125711145
,,,,false,0xa68d5b4780e4c8587c68fcfec8c5616c87fb23c790dad9b7f4368bfaa02442ea
,,,,false,0x45b165f5fc424c3f3c7bef3d5bcc33a03e611fff9db0963aabe93637e1c19cb0
,,,,false,0xf9bcab1011d1c5b822672c3527481d865dd0473c2951bc9fd7e5d0790dfd3a87
,,,,false,0x102ae7fc54a606a9eb75f6a4ae75b6a82a3df514a3e6248eda8c4ae3e295039b
,,,,false,0xe64e56bc68782cb1c0e4499425346f9ba705602c39550045b9da0d81fe7debcb
,,,,false,0xc007230f440d3cd3db0c08519fcb19b0673e24203163c319f5f1472139c70812
,,,,false,0x15ff7c5716f15cbd67e144ec7687e074901fc1c20e9802d8503f0982e1de6399
,,,,false,0xbf1cc980344e755ae9945c471eec485dadb466463328fa2600fe1d4ff17ce30d
,,,,false,0xec5b013dd96b8a76af834262c4cf0979e547fe13f87d4ac2892c31fde5760980
,,,,false,0xa9a56a0806c542ca231837762ce13ea96c598943a22e31917fb8920aa578d679
,,,,false,0x304c0e8be65b47b1b607e69e6321279617a37bb9d7f85c75607a6c348dae7ece
,,,,false,0x221808924cdd5862a9b4cd8dcfa9bd3aa37739b7713da514e44cd825d93ba022
,,,,false,0x3f76e1daabef9eabcf9bf1de7683a6554696bee9d1e2b36bb32c492370855932
,,,,false,0x9beb455ba522f0ed8ffad3562f50d2e0e445a5e299d8b0c65f46a23db4d80992
,,,,false,0xfa150cc5eb24c74c61556858d0f9f79a04291dc83dc2cc9ef0d105962640ae3c
,,,,false,0x476cb941e5cda721af340aa3534297eace45fca45fe136cf2ca73f0a9e6327f7
,,,,false,0xe4fa54d0556694ff0194acaba282d3e63c7dcd4c95653c8d44247e45974bea79
,,,,false,0x7b9b26d3a6b935276060cf1086d2138199044398d6d651a1ec6290ba81c25edd
,,,,false,0xe727da5e59ff8d17323ee7ef400fa7e483b25942f5029a2046f9ae627d9b0304
,,,,false,0x8754fa9e3c1eccd0b4b8b538ee45b38f46d9b062964ec6024d4dad878860980e
,,,,false,0xb652c1c4eef2540e3e2173f40adde761e0174222b4557704c971d4183f9f9a84
,,,,false,0xb57db144bad4f77e51b96336963207f1f0c88b5de56094ae9af1c7c216d0d2cd
,,,,false,0x54f65219d79bbb83ca84b7f7e93cc61ede9537be81dbe5c95befc33528e33a9c
,,,,false,0xb757025663e9d1f169cda16c7dd9c62b91152225e57843412a6d9ef283d933d5
,,,,false,0x8659ea4aee69bd10f8f54fe56e60e719b4d302f34d21f5ce75857aea6c13b172
,,,,false,0xe0dfd9d95b4f2fe830ea65bafda76845e22c6cfc99889a70d7c1f8bf75c3f8d7
,,,,false,0x3f9b15b0ea8b312e22eb27b143703f5c7819c087c82a3173c553d9f19ddf1ac5
,,,,false,0x657e0af21d17e37dbde2098eca87b051846e80f19b70b46d9d4f2ed7e38f03ba
,,,,false,0x2b518569c6b6a9e669265815040a6b08c5b806dfa1b02487900da75633022cdb
,,,,false,0x5e4ba80671e707f0f5d40b8875289233d2718aff32505bf195990e84b68ecba6
,,,,false,0xdca6fb51bafb0021f3463608734befaf990157b32be8cc00ad1f878124b77e39
,,,,false,0x69a99515ff98d44816f567061430d69aa4a5f422d6f15f2c60d40f456eac7deb
,,,,false,0x16d7522e5cf303e751633fe84d337fa4a511f0f0118eae6fbb74f60f3a406f41
,,,,false,0x4be940d2b895ac70902e9ef4c59aef55419d2f2a9e392a4933e1adce2a07df4b
,,,,false,0x3f9077a39fd5d3ecec81c97e9fbd55826b984a9c6233bb0b11b68fc8ff1da4ec
,,,,false,0xc0c4f7c661623e980b0b0d9b1e787470f01968693a8b1ce74db93a3bc23e15ee
,,,,false,0x465f4a26532fb270676fa2ae02573906b7cd99f0baa4cc0be0c27a0c0cba8208
,,,,false,0xd5921630a51b3c50a0e088260cc3af926ad425af0385227b7c53c3da8b394ee1
,,,,false,0x974e2f60d46c7de513db178679ded30da3d6752978b6dfc2407f4661cd8c9d89
,,,,false,0x9589d85fd01376ba739c1c49b8240cd2ec0d8aabfa33038c82218cf8b3b78e38
,,,,false,0x8d9883e177d527265f13bb150499585856dfc01c01d3c7d54b9a499ec9b39d8e
,,,,false,0x09d16ba7f1135a8c0edf4972995571973cdeeb93378db30b144c36f6b87af978
,,,,false,0xf48ab21742f4c0287583ae5b4537cd44371feaef2c1671da01eb458c43e0d79b
,,,,false,0xca43963debd5935ac09005f796014dfbe8130daa02e715ced194dc37bedeacca
,,,,false,0x210428d73cc4ec5bf85703b3fa06fddcc493a668bf5e4a0dc9083c613723417e
,,,,false,0xdac5ac9609acac8b400e53f7e8d4bff44dff09af385b6be5686581eae13d61cf
,,,,false,0x5daabf6df82278ed2fb2010a9f6b9e4c8d93a3ac7a8fcc11b2595c39dc1c3069
,,,,false,0xa3620c904dfb426469147ea367b1d79da6a7be65aa30360a197125cbccd358ac
,,,,false,0xff50c0fcc947c6c8dc6a78eedae4beca72decd112f7a53aa670a13adbd516ded
,,,,false,0x2910bc719b524a1807f425f5dd0b9e139c4079b7fe710ead6ad3b2796d56f2ce
,,,,false,0x126a7b25e6976657f419f7e01a860c8ec90194bfb75dd1bd777c837231bb74b3
,,,,false,0xc5579879c9865d8f62bbe37a1ee0ced491160c58afdd2bf771cf8b4d10043913
,,,,false,0x63c411d703493491e176033cf4a180062664ad8cf44e9fd76adc2746dc37acc6
,,,,false,0xeeb7c2e16aa3123277ce87a3393ea15de820ee58114c777007b4c56d60cd437a
,,,,false,0x7abe4aae7eba1535fbfa25bc8c6f2b0f0eff86fc73e8cb4eb6c7611c088fc6bb
,,,,false,0xdaa5c55684b07c66cc743ab2867723ac9be8399ab97ccb2f70b0c3e65d90e1c0
,,,,false,0x1765c2c3a7ad375273f0c3206b0f5c7755409b69b8412bd7311ed68b9e41d632
,,,,false,0xd2139a19765a78d8363672727e5002f13ce5dcd0bbdb87e96afd05ce7497f1e7
,,,,false,0x04eb0b22614996d01dcd0ff1f9a46dd027b94fd17f73c679f9867ac80e837f93
,,,,false,0x0000da67f0fbf0e349f40e17d788592e7a2581e6d086b5c20544fb7c4855ba8e
,,,,false,0x92babcd6275c48eb0b099f496e0a44bf71b352dcabd793fc9492b9fbb9a52d59
,,,,false,0x9fd147bf68445759222c3a86cf93883aadc49090211d93cc99e46f59019b8a40
,,,,false,0xa69a9cb554ca031269887ee0cbd494b8689ee2fe92aa53bad840e5e2f55e10cf
,,,,false,0x3672e6590e0df7f2b8d763c8d28bacd6b42da663420893e8eecb65611642de57
,,,,false,0x2b9c7e377cb4b8213131d8e748745aa17263585089cb2fdf828184d91a26850e
,,,,false,0x98880fe387910bf3409b8fbf4a5ea8fd923e750759b07930d8e9f01cba0452a2
,,,,false,0x3c5c1bd1a8feb2eb01dbcf7ec135e40ff2b0d7b4a644523fcb1f094aad0bdca2
,,,,false,0x01e22720aef21289a51127c73f4365de658cc90f77351eca8ebf941b89c6d236
,,,,false,0xfa10572706e647197618baddb74b86bcf94e1473ad473682e31a395ae15e2312
,,,,false,0x5f8e559bc01c7f03380caeaa7e6fc206802212073f178e2035c31f5dfab25fb6
,,,,false,0x981bbb9f9455cf4d152b280630d710129a37fb55fd3e150d1709537767e319a3
,,,,false,0x70ec0df0083636d5573f4dc47fd536a2374b4cf780e59b2e18dc90f46dab1fa3
,,,,false,0x8d72e18c068ca368ca935ab2dd6a6a05feceefdbdc2e5fa83a09d569a0ddbb91
,,,,false,0xf574473e7ddf7f048358ee9023df84b25c8ab8431fc0d493cf03b04951132459
,,,,false,0x60be9d2daf5e5b68ffac70fc42eff7424fbebb45282a161ebcb42c8bf0b17aaf
,,,,false,0xc8f899bfabd3695c1f9882e535735635814f7842169955ce23a27c3802a82635
,,,,false,0x6373bcad44f765ba3109c16401d1f032e82cd4de1281f1476c8764a3b7d6952d
,,,,false,0x00fbcd49b862f9dde19ec46a8bf828a14cf2d02d2c103cee824a9bca85f45e08
,,,,false,0x9468c239ec5d36cd266b6a3a88ff9290f8c35b9b149a32d2abfb472542b0ec8d
,,,,false,0x08926b4bc7d8cdfc0a6fd350670a9c9b047b4e47a311b06c2a04ab4b8b4aa498
,,,,false,0x43ca09e75424304cfb004db03bc28668ae132d04dddbfbf54d692a5902797156
,,,,false,0xcf4cf24cf52af5a606e154afb049bb33d34b53edd836e3c20ce7f197eb4d6ddd
,,,,false,0xf4ef74662ebc3e416b1c3a9a18d0bba4478c072b99eee3e51091c8ebf4345272
,,,,false,0xc998f1183df29e1935a22a7ee4cd73e1dca39eefa96f823d7c8334acffd27959
,,,,false,0x0e1aaec67bc509ea495e8f612a1bdc758f11ba6c4620c80f0ae059647d0bbf0f
,,,,false,0xb0342c4cbf89cc58b2b021c5920d72e4b8677f98fb960efc029384d343746bf8
,,,,false,0xd47704ebd9a701dcb737939cb9488a632b3d0109461ac13b9244dec50a1c016b
,,,,false,0x4b4a2bfe4c4784cb274519caa38a0b4c7b21c3687e64f39f67d7c915d644bdb1
,,,,false,0x3a4b6072adae6c922af3c4980a0ad2ed220ffe97d50aad8ccd64de580daf8995
,,,,false,0x3b28e138a31873d15abd14c2e1c2e824f54eb8b57797d5841b8e28e61ddb0527
,,,,false,0xbebd120022d42e58338fcef13b8ac15ba45bb9b60a073ce73f8147991bbfab3d
,,,,false,0xec954439dd9f1afd4a2e3fdef77aacf8f7119cfb850e531581abb2baf9bc99d0
,,,,false,0x245090f9be46600fd0dafe7539f5bb91f6ef106d242a3db87b91b39691b717c4
,,,,false,0xe652a9055ae929b8f06495a8efdb2751439bd8362c3f73e5b1e31d96959d9476
,,,,false,0x8345d44167b8f2124898dcda0af4123fe88949bc4151be31ddb109ff58a331af
,,,,false,0x2f07cadecacedd98cf765d672d52d76befbf9515136eb26da7e4b8772cc83ac6
,,,,false,0xf0a18818fef47972e02d71f4b35eed8bc495053dbe5da4928ea3628f1ae41752
,,,,false,0x2a038613123a8f9c992eb7bca32f04e6aa31a07bef1e25cc3aa5da54e294e075
,,,,false,0x621464a0fc63ff4ae73239d1e9de028611cc5735b3a190e5486202cb8179159c
,,,,false,0x25647ae18890aba45e9f5325a8c4aa7587556c3898ced50aa2e673f6f8baf5e9
,,,,false,0xb1f45b79c53aeb697713baebdb7fc6b0479a635d9d57587f04042a8cd3cca6df
,,,,false,0xc6399f1771431b169197edb36294ce16162fc4ac81338c4d7a2af5e30e768a2b
,,,,false,0x8c0fc4ed9bed938d38bbfb19bbc391626cdc91d160dd237b9633c22e843fff17
,,,,false,0x86b89c1f1f1dcee7777ef709df8d3dba528c19c58a19d21020b9228d38c8513f
,,,,false,0x47d61f1ca26dbeb3d97964bcbc8650136d1110eeff53975964875afff39d4d99
,,,,false,0xf1568c636e23933f851cc67d097bc13d4b774255f023b10e146683a3bbcfb946
,,,,false,0xd07d74ac8c2667eebeb488d015d0c885db662180cbf435ab33cf7a7561501d15
,,,,false,0x2003c016b2e75f8aa0a7368e3ae8c447fe2c173fdd466b052a971f1fa0f026a3
,,,,false,0xb8fb87c8cda80dbd542c3a21a37f24117eb6486fbee70c567703bdcc79b6de29
,,,,false,0x8a36d2ed569cc153708db9975593d09aeffc6ef5992a73ca948d6e38306e7f8d
,,,,false,0x4a72ed57be4db9f2fe9c3d437510b106a3bd9564411dca053a17a2d8a092d6e7
,,,,false,0x4cfaeabb3016532dcca6a48ac70d6afe3a6d74bc2255d64fd21831262d436552
,,,,false,0x6a57f95bb88423c25fd427bbd89857be04707aa150b4c77bae62c2dc308434cc
,,,,false,0x45a9b1f7e01e2bbe0399b9e0fdf90fc1e85709d2f4bd742902c727f689a3ac6a
,,,,false,0x11acdc494d2d1b7c4b5d599fed810e74b6240efacacdaced7f2be612506b43b8
,,,,false,0x3f95349ac603b1d551db9d5d3253359f673a593415578b536fa4d7b55eba5c31
,,,,false,0xfa9a9388dd434d7aad3e1607105a6e23172b695c4ed477bf11101d2b96779ed8
,,,,false,0x584aff7834266429d75b039ccfeb628bc9f063b644d991f0d284d5c4eb175375
,,,,false,0xecdca89577cd307552f1824ce04d740d9e2124d485e6158018d0db44ee1127f8
,,,,false,0xc93ced9279560718790b0379df86f15ec1ef7ddd1bf4b1a8820ad8ad4496e13e
,,,,false,0x0456ffcbfbc59a27b5026b122cf3acd9a461c752cc121395a6feb08574ceb9b3
,,,,false,0x52d9a688778822e62e33762f9cbe8c2514b580fda0276c55de303eac920e8593
,,,,false,0xdac23873d31ad016c7ed8d57e1f14edbe4d3d284d65a3fba422b458a0a77d098
,,,,false,0x98f216f1bf2015de1da8e26c6398fd415661a9a3c47ad2a3a3a85aa5ee2ff12d
,,,,false,0xa729b7a8a9f3bb23ec28db92bbc41ecc8b3b517b2af6201ba986671c49f43e19
,,,,false,0x7045fda0df4d49d12520e3d346cd2ce911dbd49d4b2cd35f53c89056e90e0971
,,,,false,0x71ffd19d5e350c4299211fb90f32e6c881e99aa6d229e3f6238672d6d14f873b
,,,,false,0xe3ca50ef90878fca8863d65b7e2284fcd1ef7d35373bdf37ea28b146b0afdbc6
,,,,false,"
"
