Inserted,Hash,number,timestamp,match,txs
Block,0x085494ea69d2597dd5e50d8e94aa78652d5a7cb3db9b8be98a351ff91b5f93b0,6384954,"2018-09-23 13:36:10 +0000 UTC
",,
,,,,false,0x69f3517e2aa4e80b2981845e48653de93f7c3699bf6b3944b0bcb34bfd7afd3a
,,,,false,0xc040e828cd51a9ebb7937f511f477a8cf977c2c61e7cdddfde1025c22c38533c
,,,,false,0xdc9df2d376aba9c1a142e389f9f5f1a582151281bb93f26f594d63736a1e9d63
,,,,false,0x1c979235a9d34faf9ea6e299e10770fe2b30e9613072a11e9524f6180b445ac0
,,,,false,0x584a3d615cdd752eb62061b521e2e628543c185ae9e590c4b55769b072a0f05a
,,,,false,0xd87944c7da966054aa9ec98ad5b3de911933ea73df1edac39a2234fd815e5bcc
,,,,false,0x4d59add51cd0f82ca547aff321568e31dc9457490fc8ef246401acd3659f6853
,,,,false,0x2d2df8269aa8127df3244803f568569cce92b9e7bce74e88bb6e674f5047370b
,,,,false,0x9332370b371b86f802a3457ef26eb6cfa524248199cceb69ccc63858a4cdfcd2
,,,,false,0x23422183d54d45357a509d9cf5cf243415afcd9390ef566f6385e6c27a2f6a5f
,,,,false,0xd97763bc4b520971bfd34487b46cb0d7f9fbade5c7bd7effb1d1ecafc7941b52
,,,,false,0x8c0e121b1b45c0b309d8337b120d43b8769a6f02ca68f71ae02e415f9b3a486d
,,,,false,0x3c7f4da1e7af852a15c7e6aa7a4213562ffcca319eeb3bcab7318ca60c1cb1be
,,,,false,0xe4e32ad5f8deef163f5a5c1954be9d9f4de92a50480ae1ef89b71be7cd3f538d
,,,,false,0xac6a8b41390b50c61dcfe1c4c93e93d5c338a598a80e938cba37ace9ab26dcc7
,,,,false,0xbadbcb7ea3f06e6e4da3a6089751063dfe15008ba19e90f79fd2a7d2106a6088
,,,,false,0x65a694d5094c115ca669bff7d92bbc15e5dd51d62f71b37b98210416e9ab26d9
,,,,false,0xea10137c70c54c51c3def857ea321b2c5d564846559733ca33e85fc1fedaca28
,,,,false,0xec688c0eade6168c774404f8f9f7629bcc026b4231d6ea9b1317710c33956930
,,,,false,0xfdce2a7d7987703d9ea5ab3fb8e13ea074dd858c16d009630b3a567872376107
,,,,false,0xee1d35e855ebb06fee78bc039f2116729d7602adde3f77a478f1b79a5fa8d8aa
,,,,false,0x4c61be7e616dc2ef8122de3823d281fedfdadac8227720bf39003b4ccbf8739f
,,,,false,0x92c109b21ab26339485cdb42d64b23c894d013ec4612f403e124c746f728e471
,,,,false,0x30cf5d5efcb818b1560caf109bb4c9e0194ec0cba6b8840ec6d929c6e12e6655
,,,,false,0x8dab8f25022cf38b6a99ad4b3b9a21a8529fc3be27d2436fcc279152c11f4b88
,,,,false,0x1ab72eb6c9b8ef38fafe1d41360bd4dcedcad79fa10bee7baeec6d05d322a9f2
,,,,false,0xbfda0ae66d018ee6229fa16e7e93bee5d8ea55c424bd9a27a3ef6184f8075b78
,,,,false,0xe4a60d09a43435878096067145be5c8278f6f3a5d50004182fb437b6d0f363bd
,,,,false,0x8b812bd6c9c7a9ae03bfe291078a23be486cb6ab579116a3daa347989304155c
,,,,false,0xf14467eef37e7c23c409fad3cdde3d9d0fc0fdbe743ed24db80f5f90457daac3
,,,,false,0xa3098ff0db90638a517fb49c6f6e954b5bd4399c9a021a5c42dea34cfb4c825c
,,,,false,0x23e8a87c99174b6b9e12c097d34175af13522c947716d70996657a2f9b69adba
,,,,false,0x1d7324ec8324f503167c002d876a9921338e25a1ad011fd9f15b364b01b30902
,,,,false,0xcd2c6d649a662457f21539c8c32b5981c56a298c394a422f4c76a39770a8254d
,,,,false,0xbc2abb3366c76178f2225e8b19835bf58f14d2c9a78642c64f00f6d6db78a0e8
,,,,false,0x5aa1a7f07d6b5bb25d3b9ff657321f517ea08725cdd96b9bcfabe2eb28bdc588
,,,,false,0x318655bdf01a19aebce7f59102b7dc2cff807f484d26028bfec7d9295f3680f3
,,,,false,0x974c2cf0a5efe627c6dfb93cabaecc7a4d0e60e43808fdb24edfddbee143ca8a
,,,,false,0x34bc9790d45ac1b83676a2661d618cc65e3df966a403e13d6ecf62dc4c559bd3
,,,,false,0xd789b8fe2d23bebadcd4e797404f596f1d16318c3e0de002813263ac8439a8d8
,,,,false,0xa82c050737f1e44176dd672bc327d72d20eb2bbcd9535f122e69d4eb1f1f5a15
,,,,false,0xdc2d5eba8e85e57771bcc6e6e8694748562b4548f3153ca323dd185dd4431d40
,,,,false,0x7228bfddc56cf83b8968d1a956990270504bd2de0c45b083696e821028dd0f98
,,,,false,0x61bcdd01f7a11659b2a094ec336fa62e929907c20236e765bc06433f298e7f5d
,,,,false,0x213c81a73fc64f2b5709deab2aa2fb7ac7326c642452b3b79887ad1b081f3abe
,,,,false,0xce8fc5e7a891d0fd758b0abfb51d62c5b35f87e46333d320646dbf1607b5da0c
,,,,false,0x6b25cddb6b11a8555a13826579c2fda2105d3a6529849be0e439db211c38edf7
,,,,false,0x9eb56270eb26cd44b0c07919a405e8cbdf87f98c5a29372b5ef375752f4b2c37
,,,,false,0x85b508b73707ecedb6d933fdb566b5b61889cb68e2774f0a4184c5e87530ffc4
,,,,false,0x7b507fb252011abb0d18cd2d11323e244d3cf13e3c178c8edd4c0e4fec3836e7
,,,,false,0x3a49244574be62b9542345675d88c0cc7e0fa1b8b697797e239aa84b6d141f2f
,,,,false,0x671570ab8b3cda84785322b9ac89d29c3f29b6945422862ff19dc6403891d117
,,,,false,0x91b9cc000f37263115d566d6267512e57209b497d2cddd307ed5e6a75e06e840
,,,,false,0x8634917026fc5c26d59cd9c11ccf332ee1f6e80220bd06cfddb9ef6ddc36cdc5
,,,,false,0x834219cbef002dd43f5a33f796d292f1e21de768f795fd2e64a65a59c4f27fe8
,,,,false,0xbbd1e1ca5caba0d0d4ab68abd7744410f2ba72764177fced4efc68d52ef6904f
,,,,false,0x71705553124b7296aedbe99b47ac87cc1b06e2c1c6cd88ae67149bd3d009e504
,,,,false,0xf570a2eb78809d0e143b1e0f1e17d0b906af314e655d6a0ec56b18f8abece6f3
,,,,false,0x8b1754173f5a77626221882042d0b33a1396437c49acd2802f8c3f54490a1438
,,,,false,0xe97623ec00115c3f7957826691a783c8806a68c087db2abe4aa9c05c7ffaeb97
,,,,false,0xaedd3552a0117c5bb1d3339182c454ccc4b1550b05d753eb7ba767319c705ed8
,,,,false,0x00e1a925fccae511d59515cc481f2e78a9fbf6a3498c349675252162f6b74221
,,,,false,0xa2959572bc6ae2a4633f51af311b88a9b1932c70c98af7f49438c7de87c5c39b
,,,,false,0xee23263e975c3b012bd48bad3856230d25cb680e6fff1777e13d91d67b59e5f9
,,,,false,0x08335c9fcb53c179589765f801b233f31fefa83eb570cd3e28109db9b3fb2c68
,,,,false,0xf1c35bc79a3cead12c7d2838c1c96db11cf5bc01d3e228f5b98f5bd523cd9d80
,,,,false,0x85186261210f31300f5f2b85f2b496eb626a2f266e3a6b2abf58cc61e8e2c950
,,,,false,0x1dd142f8f425448ccd20894eff7f4a5cfaa19c3d6f25884cd14849468474f1b0
,,,,false,0xb75b2f0b7d8ee9ca781853fae4a78e24863e32c72a6e2eaf931133d5527af0cf
,,,,false,0x6424d0ce8523ab3ee84fea51a15f9da2baf845540771ed4c8868270c99979f49
,,,,false,"
"
