Inserted,Hash,number,timestamp,match,txs
Block,0xbf0a72a8fe7daaf5f2e3308b3e1418e60389cf0543c8f6f4043659fa069ec265,6374822,"2018-09-21 21:37:02 +0000 UTC
",,
,,,,false,0xc5e7b2342852b5682362f50cbe95fd7503d16c2ae0277a9dbf08db2a5dbaed95
,,,,false,0xee018def854d1aa49926c8f660555d52c8d1d7f81f9f5f0e7e775e91c9497c8d
,,,,false,0xd52625ae02a709ada8b885619b276b51afda9b4820eb6890f7c5c7a82602ba00
,,,,false,0x3ebe5c3a3025b915380b3b327828d14f451b673f4b7fe03d6468f65337b231ae
,,,,false,0xcd11318058317a4e3f846d65828407d54af8ebec4993204284a0d61d3a600d16
,,,,false,0x0e2f14358bcdb9435edf4a82952d98c4f44aa569ecadefd9ee60ad135ba60e07
,,,,false,0xc3727d6aa29c474a97b8daa4e103c3203ab680c0e6db5a5d94ecd0e0f09d9ab3
,,,,false,0x54fe807d03054d10b38666432c0c634e21ff61e69b746910ffcbf71ad4957314
,,,,false,0x8263854ac2cdbd6fab828680c902cb60039406aefce58bc65e3fbb45dcc44d3d
,,,,false,0x08362a447a7c26814cc2ee210e55cf9dca1c85681bf27cfd6bb1ddad4c87ea02
,,,,false,0xe295debcbf93190f860443e0c19fe47842cf1b786bf8a5f0cc7536492f34f654
,,,,false,0x704df364795221bbc7d8967254029fca7fe6bbadbd0a2f00402e722d48869146
,,,,false,0xd7f7c0af7f4ad2c0917020be330e1a989a5c0eb923cf5f9c481eb104e92f5c29
,,,,false,0x65813ae2cc2060eeee94d7e02e6150947d055d43c21d0849499162a489dd40b7
,,,,false,0x9aa5f12ea81a1d4942ec3f14c5e6ead48664138437f78f1e008708af315bc681
,,,,false,0x1e9ebd938fad52526ada69c25624e2554501c26adb5fed00ab5945cba64f3ecb
,,,,false,0x88ae927b6320cbd06423cea1ca94066ddc0e4a700e716d1f9ed6ce55cfa71071
,,,,false,0x002c18022373ea154a1c8b2305b007ad85dfa98f2e2d534b9b3796dbf97e0eb6
,,,,false,0xa0243c41feee575dca4612e40780eac7c148f9e90736a297fcd7f85f03d24a8b
,,,,false,0xfd73e84528e659120a5a4c5a0f85241da51018b3b85891093decbb58a96ebe86
,,,,false,0x6616a3c6e2ee93faf44d06a8521356fba1f548f8135b704704a1abc18ac665ec
,,,,false,0x180a0e577dd879ced1d261734f89fd81caeefaef836f2cf0dbbf7f4ed099256b
,,,,false,0xdeb21caa60f757af38b9ce951f16c5daf0325896c54242769c20fec1fdbae5cf
,,,,false,0x4fb585fc45da9d276feebcb80adc768da81f55a9cc7e8bdbdce56e818608749e
,,,,false,0x55555abbc25088a88562e08dd6c66bd61e85b17d49f634fe91acb1e434015f11
,,,,false,0xab369ccfaabba807aa8b1c594ea96bf1c921ad7b8426574c2d184cfb44b76fb1
,,,,false,0x1ba7b7bb9eacff5729efdf001812ea89f36778cec528d1ee814a5e9b44291d93
,,,,false,0xd3130bbdc53d64f88fff4675083d8926aebe4a315b9f55d1832c32edb7519aa6
,,,,false,0xa514cfc3b9088c0413df2534d14ee22ca1c79a517b7d853c52140caaeb6e117d
,,,,false,0x261b07ea705c5f77f85b3c74e77755b7e602e521371122f4811409d83184f64e
,,,,false,0x6ecede0a29c301a9e2b860d8b27db35efd9176f65b5aa4ef368713af45306bd7
,,,,false,0x0ca3c25a981417d307bdcc9870e3b06b6f5b4457c3168cdc4d323555fd8beb5c
,,,,false,0xfa50112f292e68c20418d319ed2185f1ab26b73b66690256d78abfdd4092005f
,,,,false,0x1e81501e6211cb096ec9f63fc6fb639e059f1833d3950be3b9e7e5a9590ca901
,,,,false,0xfe2cce23a1fe9eb2f44ea3ed7a74ddf26eb663f07bdcf0faf58e1b24d342d9f7
,,,,false,0xdfd631f7598f0f90a227ad2ed75b31dde5e06953803e5dbc808ddb8fe424f72b
,,,,false,0xf12b3c14043d8d9cf2174c418e24b0a19fa76ce775c4d7b9706ba1306c5e4448
,,,,false,0x436219fa1ce07bbc5842e46826a4b3f7339897d9c7005ac3f3248b518737afe0
,,,,false,0x66300790fd73d35845c85ddf1a001e701c557acf9bcf1dc2859c4d27c3c04f9f
,,,,false,0x56561984ae914b3fbb3acc88e68b2fc08342e4c98dfad75e9b5b69e93523b5a7
,,,,false,0xb03344af26b706370866514c8b5ddd265b4d2d49c9a2e45cee86f19f02fd2946
,,,,false,0x5c614044e4ef6de9a4f23f8ca3107f0c6221aa336892b9302742ae766d4d4a39
,,,,false,0xe4a6a5e6d500ef2249c29176c976975a28cc88e40ccdabff34a1dca48c34364a
,,,,false,0xab2ed38fcc815f80c4fff4f13ca85ea7d8526424072729d67f9c3ef07638913e
,,,,false,0x8056c4637a7e2a520c33364bcb7c7e8bdfa3d481504fee0dcce5cb2c61665748
,,,,false,0x52a794d45c22a6d61a7b9031da20664bdd624eb635c4cfb622c4767ecfc1318f
,,,,false,0x489d22bd1624fa29058fdaf2fc9f1e6e01c879874758f564bef09d696637119a
,,,,false,"
"
